 -3.33e-07      1.21       2.8   -617.714939   -1621810.57
       0.2      1.21       2.8    -617.72595   -1621839.48
       0.4      1.21       2.8   -617.724512   -1621835.71
       0.6      1.21       2.8   -617.728249   -1621845.52
       0.8      1.21       2.8   -617.732264   -1621856.06
       1.0      1.21       2.8   -617.734986   -1621863.21
       1.2      1.21       2.8   -617.736369   -1621866.84
       1.4      1.21       2.8   -617.738292   -1621871.88
 -3.33e-07      1.41       2.8   -617.723606   -1621833.33
       0.2      1.41       2.8   -617.728308   -1621845.67
       0.4      1.41       2.8   -617.730835   -1621852.31
       0.6      1.41       2.8   -617.733698   -1621859.82
       0.8      1.41       2.8    -617.73616   -1621866.29
       1.0      1.41       2.8   -617.737587   -1621870.03
       1.2      1.41       2.8   -617.738161   -1621871.54
       1.4      1.41       2.8   -617.737898   -1621870.85
 -3.33e-07      1.61       2.8   -617.728241    -1621845.5
       0.2      1.61       2.8   -617.734138   -1621860.98
       0.4      1.61       2.8   -617.736737    -1621867.8
       0.6      1.61       2.8   -617.739174    -1621874.2
       0.8      1.61       2.8   -617.740945   -1621878.85
       1.0      1.61       2.8   -617.741738   -1621880.93
       1.2      1.61       2.8   -617.741507   -1621880.33
       1.4      1.61       2.8   -617.740599   -1621877.94
 -3.33e-07      1.81       2.8   -617.738727   -1621873.03
       0.2      1.81       2.8   -617.739097    -1621874.0
       0.4      1.81       2.8   -617.741248   -1621879.65
       0.6      1.81       2.8   -617.743279   -1621884.98
       0.8      1.81       2.8   -617.744641   -1621888.56
       1.0      1.81       2.8   -617.745029   -1621889.57
       1.2      1.81       2.8   -617.744498   -1621888.18
       1.4      1.81       2.8   -617.743164   -1621884.68
 -3.33e-07      2.01       2.8   -617.741956   -1621881.51
       0.2      2.01       2.8   -617.742316   -1621882.45
       0.4      2.01       2.8   -617.743897    -1621886.6
       0.6      2.01       2.8   -617.745635   -1621891.16
       0.8      2.01       2.8   -617.746793   -1621894.21
       1.0      2.01       2.8   -617.747026   -1621894.82
       1.2      2.01       2.8   -617.746287   -1621892.88
       1.4      2.01       2.8   -617.744784   -1621888.93
 -3.33e-07      2.21       2.8   -617.743459   -1621885.45
       0.2      2.21       2.8   -617.743724   -1621886.15
       0.4      2.21       2.8   -617.744874   -1621889.17
       0.6      2.21       2.8   -617.746303   -1621892.92
       0.8      2.21       2.8   -617.747298   -1621895.53
       1.0      2.21       2.8   -617.747471   -1621895.99
       1.2      2.21       2.8   -617.746708   -1621893.98
       1.4      2.21       2.8   -617.745177   -1621889.96
 -3.33e-07      2.41       2.8   -617.743789   -1621886.32
       0.2      2.41       2.8   -617.743977   -1621886.81
       0.4      2.41       2.8   -617.744685   -1621888.67
       0.6      2.41       2.8   -617.745684   -1621891.29
       0.8      2.41       2.8   -617.746408   -1621893.19
       1.0      2.41       2.8     -617.7465   -1621893.44
       1.2      2.41       2.8   -617.745795   -1621891.59
       1.4      2.41       2.8   -617.744405   -1621887.93
 -3.33e-07      2.61       2.8    -617.74354   -1621885.66
       0.2      2.61       2.8   -617.743652   -1621885.96
       0.4      2.61       2.8   -617.743902   -1621886.61
       0.6      2.61       2.8   -617.744298   -1621887.65
       0.8      2.61       2.8   -617.744583    -1621888.4
       1.0      2.61       2.8   -617.744498   -1621888.18
       1.2      2.61       2.8   -617.743917   -1621886.65
       1.4      2.61       2.8   -617.742808   -1621883.74
 -3.33e-07      2.81       2.8   -617.743012   -1621884.28
       0.2      2.81       2.8   -617.742976   -1621884.18
       0.4      2.81       2.8   -617.742849   -1621883.85
       0.6      2.81       2.8   -617.742624   -1621883.26
       0.8      2.81       2.8    -617.74236   -1621882.57
       1.0      2.81       2.8   -617.742064   -1621881.79
       1.2      2.81       2.8   -617.741679   -1621880.78
       1.4      2.81       2.8   -617.741145   -1621879.38
 -3.33e-07      3.01       2.8   -617.742169   -1621882.06
       0.2      3.01       2.8   -617.742053   -1621881.76
       0.4      3.01       2.8   -617.741699   -1621880.83
       0.6      3.01       2.8   -617.741115    -1621879.3
       0.8      3.01       2.8   -617.740478   -1621877.63
       1.0      3.01       2.8   -617.740105   -1621876.65
       1.2      3.01       2.8   -617.740014   -1621876.41
       1.4      3.01       2.8   -617.739956   -1621876.25
 -3.33e-07      3.21       2.8    -617.74085    -1621878.6
       0.2      3.21       2.8   -617.740736    -1621878.3
       0.4      3.21       2.8   -617.740351   -1621877.29
       0.6      3.21       2.8   -617.739734   -1621875.67
       0.8      3.21       2.8   -617.739109   -1621874.03
       1.0      3.21       2.8   -617.738869    -1621873.4
       1.2      3.21       2.8   -617.738996   -1621873.73
       1.4      3.21       2.8   -617.739233   -1621874.36
 -3.33e-07      3.41       2.8   -617.739002   -1621873.75
       0.2      3.41       2.8   -617.738801   -1621873.22
       0.4      3.41       2.8     -617.7386    -1621872.7
       0.6      3.41       2.8   -617.738351   -1621872.04
       0.8      3.41       2.8   -617.738103   -1621871.39
       1.0      3.41       2.8   -617.738139   -1621871.48
       1.2      3.41       2.8   -617.738451    -1621872.3
       1.4      3.41       2.8   -617.738828   -1621873.29
 -3.33e-07      3.61       2.8   -617.737001    -1621868.5
       0.2      3.61       2.8    -617.73416   -1621861.04
       0.4      3.61       2.8    -617.73564   -1621864.92
       0.6      3.61       2.8   -617.736442   -1621867.03
       0.8      3.61       2.8   -617.737019   -1621868.54
       1.0      3.61       2.8   -617.737602   -1621870.07
       1.2      3.61       2.8   -617.738203   -1621871.65
       1.4      3.61       2.8   -617.738645   -1621872.81
 -3.33e-07      1.21       2.9   -617.723194   -1621832.25
       0.2      1.21       2.9   -617.733995    -1621860.6
       0.4      1.21       2.9   -617.728762   -1621846.87
       0.6      1.21       2.9    -617.73293   -1621857.81
       0.8      1.21       2.9    -617.73589   -1621865.58
       1.0      1.21       2.9    -617.73811   -1621871.41
       1.2      1.21       2.9   -617.739257   -1621874.42
       1.4      1.21       2.9    -617.74278   -1621883.67
 -3.33e-07      1.41       2.9   -617.726554   -1621841.07
       0.2      1.41       2.9   -617.734825   -1621862.78
       0.4      1.41       2.9   -617.736128    -1621866.2
       0.6      1.41       2.9    -617.73791   -1621870.88
       0.8      1.41       2.9    -617.73963    -1621875.4
       1.0      1.41       2.9   -617.740677   -1621878.15
       1.2      1.41       2.9   -617.740976   -1621878.93
       1.4      1.41       2.9   -617.740592   -1621877.93
 -3.33e-07      1.61       2.9    -617.73139   -1621853.77
       0.2      1.61       2.9   -617.738747   -1621873.08
       0.4      1.61       2.9   -617.740485   -1621877.64
       0.6      1.61       2.9   -617.742326   -1621882.48
       0.8      1.61       2.9    -617.74366   -1621885.98
       1.0      1.61       2.9    -617.74412   -1621887.19
       1.2      1.61       2.9    -617.74379   -1621886.32
       1.4      1.61       2.9   -617.742831    -1621883.8
 -3.33e-07      1.81       2.9   -617.742995   -1621884.23
       0.2      1.81       2.9   -617.743011   -1621884.28
       0.4      1.81       2.9    -617.74452   -1621888.24
       0.6      1.81       2.9   -617.745949   -1621891.99
       0.8      1.81       2.9   -617.746871   -1621894.41
       1.0      1.81       2.9   -617.747027   -1621894.82
       1.2      1.81       2.9   -617.746372    -1621893.1
       1.4      1.81       2.9   -617.745021   -1621889.55
 -3.33e-07      2.01       2.9   -617.745956   -1621892.01
       0.2      2.01       2.9   -617.745978   -1621892.07
       0.4      2.01       2.9   -617.747065   -1621894.92
       0.6      2.01       2.9   -617.748182   -1621897.85
       0.8      2.01       2.9   -617.748844   -1621899.59
       1.0      2.01       2.9   -617.748778   -1621899.42
       1.2      2.01       2.9   -617.747942   -1621897.22
       1.4      2.01       2.9   -617.746443   -1621893.29
 -3.33e-07      2.21       2.9    -617.74754   -1621896.17
       0.2      2.21       2.9   -617.747645   -1621896.44
       0.4      2.21       2.9   -617.748233   -1621897.98
       0.6      2.21       2.9   -617.749032   -1621900.08
       0.8      2.21       2.9   -617.749482   -1621901.27
       1.0      2.21       2.9   -617.749292   -1621900.77
       1.2      2.21       2.9   -617.748406   -1621898.44
       1.4      2.21       2.9   -617.746913   -1621894.52
 -3.33e-07      2.41       2.9    -617.74801    -1621897.4
       0.2      2.41       2.9   -617.748066   -1621897.55
       0.4      2.41       2.9   -617.748326   -1621898.23
       0.6      2.41       2.9   -617.748745   -1621899.33
       0.8      2.41       2.9   -617.748935   -1621899.83
       1.0      2.41       2.9   -617.748653   -1621899.09
       1.2      2.41       2.9   -617.747812   -1621896.88
       1.4      2.41       2.9   -617.746416   -1621893.21
 -3.33e-07      2.61       2.9   -617.747759   -1621896.74
       0.2      2.61       2.9   -617.747765   -1621896.76
       0.4      2.61       2.9   -617.747739   -1621896.69
       0.6      2.61       2.9   -617.747725   -1621896.65
       0.8      2.61       2.9   -617.747534   -1621896.15
       1.0      2.61       2.9   -617.747134    -1621895.1
       1.2      2.61       2.9   -617.746384   -1621893.13
       1.4      2.61       2.9    -617.74537   -1621890.47
 -3.33e-07      2.81       2.9    -617.74705   -1621894.88
       0.2      2.81       2.9    -617.74696   -1621894.64
       0.4      2.81       2.9   -617.746691   -1621893.94
       0.6      2.81       2.9   -617.746299   -1621892.91
       0.8      2.81       2.9   -617.745841   -1621891.71
       1.0      2.81       2.9   -617.745373   -1621890.48
       1.2      2.81       2.9   -617.744861   -1621889.13
       1.4      2.81       2.9   -617.744287   -1621887.62
 -3.33e-07      3.01       2.9   -617.745966   -1621892.03
       0.2      3.01       2.9   -617.745852   -1621891.73
       0.4      3.01       2.9    -617.74549   -1621890.78
       0.6      3.01       2.9   -617.744931   -1621889.32
       0.8      3.01       2.9   -617.744353    -1621887.8
       1.0      3.01       2.9   -617.743937   -1621886.71
       1.2      3.01       2.9   -617.743682   -1621886.04
       1.4      3.01       2.9   -617.743446   -1621885.42
 -3.33e-07      3.21       2.9   -617.744521   -1621888.24
       0.2      3.21       2.9   -617.744415   -1621887.96
       0.4      3.21       2.9   -617.744088    -1621887.1
       0.6      3.21       2.9    -617.74361   -1621885.85
       0.8      3.21       2.9   -617.743155   -1621884.65
       1.0      3.21       2.9   -617.742909   -1621884.01
       1.2      3.21       2.9   -617.742866    -1621883.9
       1.4      3.21       2.9    -617.74288   -1621883.93
 -3.33e-07      3.41       2.9    -617.74283    -1621883.8
       0.2      3.41       2.9   -617.742708   -1621883.48
       0.4      3.41       2.9   -617.742509   -1621882.96
       0.6      3.41       2.9   -617.742342   -1621882.52
       0.8      3.41       2.9   -617.742213   -1621882.18
       1.0      3.41       2.9   -617.742198   -1621882.14
       1.2      3.41       2.9   -617.742295   -1621882.39
       1.4      3.41       2.9   -617.742387   -1621882.64
 -3.33e-07      3.61       2.9   -617.741189   -1621879.49
       0.2      3.61       2.9   -617.739627   -1621875.39
       0.4      3.61       2.9   -617.740085   -1621876.59
       0.6      3.61       2.9   -617.740766   -1621878.38
       0.8      3.61       2.9   -617.741279   -1621879.73
       1.0      3.61       2.9   -617.741661   -1621880.73
       1.2      3.61       2.9   -617.741934   -1621881.45
       1.4      3.61       2.9   -617.742099   -1621881.88
 -3.33e-07      1.21       3.0   -617.729021   -1621847.55
       0.2      1.21       3.0   -617.739591    -1621875.3
       0.4      1.21       3.0   -617.732516   -1621856.72
       0.6      1.21       3.0   -617.742071   -1621881.81
       0.8      1.21       3.0   -617.738217   -1621871.69
       1.0      1.21       3.0   -617.744596   -1621888.44
       1.2      1.21       3.0   -617.745322   -1621890.34
       1.4      1.21       3.0   -617.745694   -1621891.32
 -3.33e-07      1.41       3.0   -617.730578   -1621851.63
       0.2      1.41       3.0   -617.740041   -1621876.48
       0.4      1.41       3.0   -617.740407   -1621877.44
       0.6      1.41       3.0   -617.741223   -1621879.58
       0.8      1.41       3.0   -617.742082   -1621881.84
       1.0      1.41       3.0   -617.742605   -1621883.21
       1.2      1.41       3.0   -617.742609   -1621883.22
       1.4      1.41       3.0   -617.742062   -1621881.78
 -3.33e-07      1.61       3.0   -617.733932   -1621860.44
       0.2      1.61       3.0    -617.74225   -1621882.28
       0.4      1.61       3.0   -617.743139   -1621884.61
       0.6      1.61       3.0   -617.744269   -1621887.58
       0.8      1.61       3.0   -617.745167   -1621889.94
       1.0      1.61       3.0   -617.745401   -1621890.55
       1.2      1.61       3.0   -617.745002    -1621889.5
       1.4      1.61       3.0   -617.744037   -1621886.97
 -3.33e-07      1.81       3.0   -617.745694   -1621891.32
       0.2      1.81       3.0   -617.745468   -1621890.73
       0.4      1.81       3.0   -617.746251   -1621892.78
       0.6      1.81       3.0   -617.747227   -1621895.34
       0.8      1.81       3.0     -617.7478   -1621896.85
       1.0      1.81       3.0    -617.74773   -1621896.66
       1.2      1.81       3.0   -617.747024   -1621894.81
       1.4      1.81       3.0   -617.745809   -1621891.62
 -3.33e-07      2.01       3.0   -617.748164    -1621897.8
       0.2      2.01       3.0   -617.748005   -1621897.39
       0.4      2.01       3.0   -617.748526   -1621898.75
       0.6      2.01       3.0   -617.749294   -1621900.77
       0.8      2.01       3.0   -617.749609    -1621901.6
       1.0      2.01       3.0   -617.749309   -1621900.81
       1.2      2.01       3.0   -617.748419   -1621898.47
       1.4      2.01       3.0   -617.747024   -1621894.81
 -3.33e-07      2.21       3.0   -617.749638   -1621901.67
       0.2      2.21       3.0   -617.749498   -1621901.31
       0.4      2.21       3.0   -617.749736   -1621901.93
       0.6      2.21       3.0   -617.750205   -1621903.16
       0.8      2.21       3.0   -617.750302   -1621903.42
       1.0      2.21       3.0   -617.749914    -1621902.4
       1.2      2.21       3.0   -617.748915   -1621899.78
       1.4      2.21       3.0   -617.747533   -1621896.15
 -3.33e-07      2.41       3.0   -617.750148   -1621903.01
       0.2      2.41       3.0    -617.75002   -1621902.68
       0.4      2.41       3.0   -617.750009   -1621902.65
       0.6      2.41       3.0   -617.750077   -1621902.83
       0.8      2.41       3.0   -617.749977   -1621902.57
       1.0      2.41       3.0   -617.749489   -1621901.28
       1.2      2.41       3.0   -617.748574   -1621898.88
       1.4      2.41       3.0   -617.747384   -1621895.76
 -3.33e-07      2.61       3.0   -617.749936   -1621902.46
       0.2      2.61       3.0   -617.749818   -1621902.15
       0.4      2.61       3.0    -617.74961    -1621901.6
       0.6      2.61       3.0    -617.74937   -1621900.97
       0.8      2.61       3.0   -617.749019   -1621900.05
       1.0      2.61       3.0   -617.748473   -1621898.62
       1.2      2.61       3.0   -617.747724   -1621896.65
       1.4      2.61       3.0   -617.746834   -1621894.31
 -3.33e-07      2.81       3.0   -617.749215   -1621900.56
       0.2      2.81       3.0   -617.749103   -1621900.27
       0.4      2.81       3.0   -617.748786   -1621899.44
       0.6      2.81       3.0   -617.748338   -1621898.26
       0.8      2.81       3.0   -617.747823   -1621896.91
       1.0      2.81       3.0   -617.747298   -1621895.53
       1.2      2.81       3.0   -617.746756   -1621894.11
       1.4      2.81       3.0   -617.746195   -1621892.63
 -3.33e-07      3.01       3.0   -617.748122   -1621897.69
       0.2      3.01       3.0   -617.748022   -1621897.43
       0.4      3.01       3.0   -617.747695   -1621896.57
       0.6      3.01       3.0   -617.747208   -1621895.29
       0.8      3.01       3.0   -617.746698   -1621893.95
       1.0      3.01       3.0   -617.746282   -1621892.86
       1.2      3.01       3.0   -617.745948   -1621891.99
       1.4      3.01       3.0   -617.745624   -1621891.14
 -3.33e-07      3.21       3.0   -617.746757   -1621894.11
       0.2      3.21       3.0    -617.74667   -1621893.88
       0.4      3.21       3.0   -617.746415   -1621893.21
       0.6      3.21       3.0    -617.74605   -1621892.25
       0.8      3.21       3.0   -617.745701   -1621891.34
       1.0      3.21       3.0   -617.745461   -1621890.71
       1.2      3.21       3.0   -617.745315   -1621890.32
       1.4      3.21       3.0   -617.745125   -1621889.83
 -3.33e-07      3.41       3.0   -617.745284   -1621890.24
       0.2      3.41       3.0   -617.745255   -1621890.17
       0.4      3.41       3.0   -617.745089   -1621889.73
       0.6      3.41       3.0   -617.744956   -1621889.38
       0.8      3.41       3.0   -617.744845   -1621889.09
       1.0      3.41       3.0   -617.744772    -1621888.9
       1.2      3.41       3.0   -617.744735    -1621888.8
       1.4      3.41       3.0   -617.744689   -1621888.68
 -3.33e-07      3.61       3.0   -617.743955   -1621886.75
       0.2      3.61       3.0   -617.743557   -1621885.71
       0.4      3.61       3.0   -617.743504   -1621885.57
       0.6      3.61       3.0   -617.743777   -1621886.29
       0.8      3.61       3.0   -617.744058   -1621887.02
       1.0      3.61       3.0   -617.744243   -1621887.51
       1.2      3.61       3.0   -617.744327   -1621887.73
       1.4      3.61       3.0   -617.744326   -1621887.73
 -3.33e-07      1.21       3.1   -617.732835   -1621857.56
       0.2      1.21       3.1   -617.743295   -1621885.02
       0.4      1.21       3.1   -617.735147   -1621863.63
       0.6      1.21       3.1   -617.744989   -1621889.47
       0.8      1.21       3.1   -617.745966   -1621892.03
       1.0      1.21       3.1   -617.746749   -1621894.09
       1.2      1.21       3.1   -617.747237   -1621895.37
       1.4      1.21       3.1   -617.747423   -1621895.86
 -3.33e-07      1.41       3.1   -617.733719   -1621859.88
       0.2      1.41       3.1    -617.74361   -1621885.85
       0.4      1.41       3.1   -617.743752   -1621886.22
       0.6      1.41       3.1   -617.744129   -1621887.21
       0.8      1.41       3.1   -617.744171   -1621887.32
       1.0      1.41       3.1   -617.744122   -1621887.19
       1.2      1.41       3.1   -617.743803   -1621886.36
       1.4      1.41       3.1   -617.743232   -1621884.85
 -3.33e-07      1.61       3.1   -617.735905   -1621865.62
       0.2      1.61       3.1   -617.744879   -1621889.18
       0.4      1.61       3.1   -617.745078    -1621889.7
       0.6      1.61       3.1   -617.745692   -1621891.31
       0.8      1.61       3.1   -617.746108   -1621892.41
       1.0      1.61       3.1   -617.746107    -1621892.4
       1.2      1.61       3.1   -617.745676   -1621891.27
       1.4      1.61       3.1   -617.744809    -1621889.0
 -3.33e-07      1.81       3.1   -617.747337   -1621895.63
       0.2      1.81       3.1   -617.747022   -1621894.81
       0.4      1.81       3.1   -617.747275   -1621895.47
       0.6      1.81       3.1   -617.747773   -1621896.78
       0.8      1.81       3.1   -617.748041   -1621897.48
       1.0      1.81       3.1   -617.747863   -1621897.02
       1.2      1.81       3.1   -617.747208   -1621895.29
       1.4      1.81       3.1   -617.746185   -1621892.61
 -3.33e-07      2.01       3.1   -617.749239   -1621900.63
       0.2      2.01       3.1   -617.748969   -1621899.92
       0.4      2.01       3.1   -617.749105   -1621900.28
       0.6      2.01       3.1   -617.749408   -1621901.07
       0.8      2.01       3.1    -617.74948   -1621901.26
       1.0      2.01       3.1    -617.74912   -1621900.31
       1.2      2.01       3.1   -617.748317   -1621898.21
       1.4      2.01       3.1     -617.7472   -1621895.27
 -3.33e-07      2.21       3.1   -617.750467   -1621903.85
       0.2      2.21       3.1   -617.750257    -1621903.3
       0.4      2.21       3.1   -617.750218    -1621903.2
       0.6      2.21       3.1   -617.750291   -1621903.39
       0.8      2.21       3.1   -617.750174   -1621903.08
       1.0      2.21       3.1    -617.74969   -1621901.81
       1.2      2.21       3.1   -617.748826   -1621899.54
       1.4      2.21       3.1   -617.747721   -1621896.64
 -3.33e-07      2.41       3.1   -617.750943    -1621905.1
       0.2      2.41       3.1   -617.750777   -1621904.66
       0.4      2.41       3.1   -617.750592   -1621904.18
       0.6      2.41       3.1   -617.750435   -1621903.77
       0.8      2.41       3.1   -617.750142    -1621903.0
       1.0      2.41       3.1   -617.749588   -1621901.54
       1.2      2.41       3.1   -617.748771    -1621899.4
       1.4      2.41       3.1   -617.747799   -1621896.85
 -3.33e-07      2.61       3.1   -617.750777   -1621904.66
       0.2      2.61       3.1   -617.750645   -1621904.32
       0.4      2.61       3.1   -617.750368   -1621903.59
       0.6      2.61       3.1   -617.750025   -1621902.69
       0.8      2.61       3.1   -617.749591   -1621901.55
       1.0      2.61       3.1   -617.749022   -1621900.06
       1.2      2.61       3.1   -617.748333   -1621898.25
       1.4      2.61       3.1   -617.747589   -1621896.29
 -3.33e-07      2.81       3.1   -617.750133   -1621902.97
       0.2      2.81       3.1   -617.750024   -1621902.69
       0.4      2.81       3.1   -617.749717   -1621901.88
       0.6      2.81       3.1   -617.749279   -1621900.73
       0.8      2.81       3.1   -617.748788   -1621899.44
       1.0      2.81       3.1   -617.748276    -1621898.1
       1.2      2.81       3.1   -617.747764   -1621896.75
       1.4      2.81       3.1   -617.747254   -1621895.42
 -3.33e-07      3.01       3.1   -617.749156   -1621900.41
       0.2      3.01       3.1   -617.749072   -1621900.19
       0.4      3.01       3.1   -617.748811    -1621899.5
       0.6      3.01       3.1   -617.748417   -1621898.47
       0.8      3.01       3.1   -617.747971    -1621897.3
       1.0      3.01       3.1   -617.747574   -1621896.25
       1.2      3.01       3.1   -617.747215   -1621895.31
       1.4      3.01       3.1    -617.74686   -1621894.38
 -3.33e-07      3.21       3.1   -617.747971    -1621897.3
       0.2      3.21       3.1   -617.747904   -1621897.12
       0.4      3.21       3.1   -617.747715   -1621896.63
       0.6      3.21       3.1   -617.747442   -1621895.91
       0.8      3.21       3.1    -617.74716   -1621895.17
       1.0      3.21       3.1   -617.746923   -1621894.55
       1.2      3.21       3.1    -617.74672   -1621894.01
       1.4      3.21       3.1   -617.746428   -1621893.25
 -3.33e-07      3.41       3.1   -617.746732   -1621894.05
       0.2      3.41       3.1   -617.746715    -1621894.0
       0.4      3.41       3.1    -617.74664    -1621893.8
       0.6      3.41       3.1   -617.746527   -1621893.51
       0.8      3.41       3.1   -617.746403   -1621893.18
       1.0      3.41       3.1   -617.746275   -1621892.85
       1.2      3.41       3.1   -617.746164   -1621892.55
       1.4      3.41       3.1   -617.746038   -1621892.22
 -3.33e-07      3.61       3.1   -617.745641   -1621891.18
       0.2      3.61       3.1   -617.745604   -1621891.08
       0.4      3.61       3.1   -617.745533    -1621890.9
       0.6      3.61       3.1   -617.745605   -1621891.09
       0.8      3.61       3.1   -617.745711   -1621891.36
       1.0      3.61       3.1   -617.745755   -1621891.48
       1.2      3.61       3.1   -617.745724    -1621891.4
       1.4      3.61       3.1   -617.745636   -1621891.17
 -3.33e-07      1.21       3.2   -617.735199   -1621863.77
       0.2      1.21       3.2   -617.745601   -1621891.08
       0.4      1.21       3.2   -617.746105    -1621892.4
       0.6      1.21       3.2    -617.74677   -1621894.14
       0.8      1.21       3.2   -617.747437   -1621895.89
       1.0      1.21       3.2   -617.747956   -1621897.26
       1.2      1.21       3.2   -617.748253   -1621898.04
       1.4      1.21       3.2   -617.748303   -1621898.17
 -3.33e-07      1.41       3.2    -617.73575   -1621865.21
       0.2      1.41       3.2   -617.745849   -1621891.73
       0.4      1.41       3.2   -617.746017   -1621892.17
       0.6      1.41       3.2   -617.746303   -1621892.92
       0.8      1.41       3.2   -617.746237   -1621892.74
       1.0      1.41       3.2   -617.746009   -1621892.15
       1.2      1.41       3.2   -617.745745   -1621891.45
       1.4      1.41       3.2   -617.745761    -1621891.5
 -3.33e-07      1.61       3.2   -617.737182   -1621868.97
       0.2      1.61       3.2   -617.746651   -1621893.83
       0.4      1.61       3.2   -617.746558   -1621893.59
       0.6      1.61       3.2   -617.746751    -1621894.1
       0.8      1.61       3.2   -617.746846   -1621894.35
       1.0      1.61       3.2   -617.746723   -1621894.02
       1.2      1.61       3.2   -617.746335    -1621893.0
       1.4      1.61       3.2    -617.74575   -1621891.47
 -3.33e-07      1.81       3.2    -617.74826   -1621898.06
       0.2      1.81       3.2   -617.748028   -1621897.45
       0.4      1.81       3.2   -617.747904   -1621897.12
       0.6      1.81       3.2   -617.748047    -1621897.5
       0.8      1.81       3.2   -617.748082   -1621897.59
       1.0      1.81       3.2   -617.747834   -1621896.94
       1.2      1.81       3.2   -617.747298   -1621895.53
       1.4      1.81       3.2   -617.746579   -1621893.64
 -3.33e-07      2.01       3.2    -617.74963   -1621901.65
       0.2      2.01       3.2   -617.749362   -1621900.95
       0.4      2.01       3.2    -617.74923    -1621900.6
       0.6      2.01       3.2   -617.749253   -1621900.66
       0.8      2.01       3.2   -617.749147   -1621900.39
       1.0      2.01       3.2   -617.748762   -1621899.37
       1.2      2.01       3.2   -617.748096   -1621897.63
       1.4      2.01       3.2   -617.747278   -1621895.48
 -3.33e-07      2.21       3.2   -617.750584   -1621904.16
       0.2      2.21       3.2    -617.75036   -1621903.57
       0.4      2.21       3.2   -617.750146   -1621903.01
       0.6      2.21       3.2   -617.750014   -1621902.66
       0.8      2.21       3.2   -617.749769   -1621902.02
       1.0      2.21       3.2   -617.749284   -1621900.74
       1.2      2.21       3.2   -617.748568   -1621898.87
       1.4      2.21       3.2   -617.747748   -1621896.71
 -3.33e-07      2.41       3.2   -617.750978   -1621905.19
       0.2      2.41       3.2   -617.750807   -1621904.74
       0.4      2.41       3.2   -617.750527   -1621904.01
       0.6      2.41       3.2   -617.750248   -1621903.28
       0.8      2.41       3.2   -617.749886   -1621902.33
       1.0      2.41       3.2   -617.749359   -1621900.94
       1.2      2.41       3.2   -617.748674   -1621899.14
       1.4      2.41       3.2   -617.747939   -1621897.21
 -3.33e-07      2.61       3.2   -617.750842   -1621904.84
       0.2      2.61       3.2   -617.750719   -1621904.51
       0.4      2.61       3.2   -617.750409    -1621903.7
       0.6      2.61       3.2   -617.750048   -1621902.75
       0.8      2.61       3.2   -617.749611    -1621901.6
       1.0      2.61       3.2   -617.749089   -1621900.23
       1.2      2.61       3.2   -617.748505    -1621898.7
       1.4      2.61       3.2   -617.747917   -1621897.16
 -3.33e-07      2.81       3.2   -617.750297    -1621903.4
       0.2      2.81       3.2   -617.750232   -1621903.23
       0.4      2.81       3.2   -617.749931   -1621902.44
       0.6      2.81       3.2   -617.749541   -1621901.42
       0.8      2.81       3.2   -617.749097   -1621900.26
       1.0      2.81       3.2   -617.748643   -1621899.06
       1.2      2.81       3.2   -617.748187   -1621897.86
       1.4      2.81       3.2   -617.747739   -1621896.69
 -3.33e-07      3.01       3.2    -617.74947   -1621901.23
       0.2      3.01       3.2   -617.749403   -1621901.06
       0.4      3.01       3.2   -617.749226   -1621900.59
       0.6      3.01       3.2   -617.748886    -1621899.7
       0.8      3.01       3.2   -617.748518   -1621898.73
       1.0      3.01       3.2   -617.748155   -1621897.78
       1.2      3.01       3.2   -617.747795   -1621896.83
       1.4      3.01       3.2   -617.747439    -1621895.9
 -3.33e-07      3.21       3.2   -617.748478   -1621898.63
       0.2      3.21       3.2   -617.748428    -1621898.5
       0.4      3.21       3.2   -617.748289   -1621898.13
       0.6      3.21       3.2   -617.748084   -1621897.59
       0.8      3.21       3.2   -617.747851   -1621896.98
       1.0      3.21       3.2    -617.74762   -1621896.38
       1.2      3.21       3.2    -617.74734   -1621895.64
       1.4      3.21       3.2   -617.747058    -1621894.9
 -3.33e-07      3.41       3.2   -617.747459   -1621895.95
       0.2      3.41       3.2   -617.747449   -1621895.93
       0.4      3.41       3.2   -617.747389   -1621895.77
       0.6      3.41       3.2   -617.747293   -1621895.52
       0.8      3.41       3.2   -617.747163   -1621895.18
       1.0      3.41       3.2   -617.747031   -1621894.83
       1.2      3.41       3.2   -617.746884   -1621894.44
       1.4      3.41       3.2   -617.746704   -1621893.97
 -3.33e-07      3.61       3.2   -617.746545   -1621893.55
       0.2      3.61       3.2   -617.746572   -1621893.63
       0.4      3.61       3.2   -617.746546   -1621893.56
       0.6      3.61       3.2   -617.746555   -1621893.58
       0.8      3.61       3.2   -617.746559   -1621893.59
       1.0      3.61       3.2   -617.746527   -1621893.51
       1.2      3.61       3.2   -617.746433   -1621893.26
       1.4      3.61       3.2   -617.746289   -1621892.88
 -3.33e-07      1.21       3.3    -617.73653   -1621867.26
       0.2      1.21       3.3   -617.746911   -1621894.52
       0.4      1.21       3.3   -617.747258   -1621895.43
       0.6      1.21       3.3   -617.747712   -1621896.62
       0.8      1.21       3.3   -617.748153   -1621897.77
       1.0      1.21       3.3   -617.748484   -1621898.65
       1.2      1.21       3.3   -617.748629   -1621899.03
       1.4      1.21       3.3    -617.74859   -1621898.92
 -3.33e-07      1.41       3.3   -617.736868   -1621868.15
       0.2      1.41       3.3   -617.747094    -1621895.0
       0.4      1.41       3.3   -617.747334   -1621895.62
       0.6      1.41       3.3    -617.74756   -1621896.22
       0.8      1.41       3.3   -617.747683   -1621896.54
       1.0      1.41       3.3   -617.747722   -1621896.65
       1.2      1.41       3.3   -617.747791   -1621896.83
       1.4      1.41       3.3    -617.74799   -1621897.35
 -3.33e-07      1.61       3.3   -617.747697   -1621896.58
       0.2      1.61       3.3   -617.747697   -1621896.58
       0.4      1.61       3.3   -617.747623   -1621896.38
       0.6      1.61       3.3    -617.74756   -1621896.22
       0.8      1.61       3.3    -617.74752   -1621896.11
       1.0      1.61       3.3   -617.747389   -1621895.77
       1.2      1.61       3.3   -617.747192   -1621895.25
       1.4      1.61       3.3   -617.747114   -1621895.05
 -3.33e-07      1.81       3.3   -617.748654   -1621899.09
       0.2      1.81       3.3   -617.748542    -1621898.8
       0.4      1.81       3.3   -617.748285   -1621898.12
       0.6      1.81       3.3   -617.748212   -1621897.93
       0.8      1.81       3.3   -617.748114   -1621897.67
       1.0      1.81       3.3   -617.747868   -1621897.03
       1.2      1.81       3.3   -617.747506   -1621896.08
       1.4      1.81       3.3   -617.747093   -1621894.99
 -3.33e-07      2.01       3.3   -617.749605   -1621901.59
       0.2      2.01       3.3   -617.749434   -1621901.14
       0.4      2.01       3.3   -617.749148   -1621900.39
       0.6      2.01       3.3   -617.748997   -1621899.99
       0.8      2.01       3.3   -617.748789   -1621899.45
       1.0      2.01       3.3   -617.748438   -1621898.52
       1.2      2.01       3.3   -617.747945   -1621897.23
       1.4      2.01       3.3   -617.747445   -1621895.92
 -3.33e-07      2.21       3.3   -617.750298   -1621903.41
       0.2      2.21       3.3   -617.750136   -1621902.98
       0.4      2.21       3.3   -617.749822   -1621902.16
       0.6      2.21       3.3   -617.749574   -1621901.51
       0.8      2.21       3.3   -617.749269   -1621900.71
       1.0      2.21       3.3   -617.748837   -1621899.57
       1.2      2.21       3.3   -617.748298   -1621898.16
       1.4      2.21       3.3   -617.747743    -1621896.7
 -3.33e-07      2.41       3.3   -617.750586   -1621904.16
       0.2      2.41       3.3    -617.75046   -1621903.83
       0.4      2.41       3.3   -617.750135   -1621902.98
       0.6      2.41       3.3   -617.749814   -1621902.14
       0.8      2.41       3.3   -617.749439   -1621901.15
       1.0      2.41       3.3    -617.74898   -1621899.95
       1.2      2.41       3.3    -617.74845   -1621898.56
       1.4      2.41       3.3   -617.747928   -1621897.19
 -3.33e-07      2.61       3.3    -617.75047   -1621903.86
       0.2      2.61       3.3   -617.750379   -1621903.62
       0.4      2.61       3.3   -617.750084   -1621902.84
       0.6      2.61       3.3   -617.749726   -1621901.91
       0.8      2.61       3.3   -617.749322   -1621900.84
       1.0      2.61       3.3   -617.748873   -1621899.67
       1.2      2.61       3.3   -617.748405   -1621898.44
       1.4      2.61       3.3   -617.747948   -1621897.24
 -3.33e-07      2.81       3.3    -617.75002   -1621902.68
       0.2      2.81       3.3   -617.749964   -1621902.53
       0.4      2.81       3.3   -617.749715   -1621901.88
       0.6      2.81       3.3   -617.749381    -1621901.0
       0.8      2.81       3.3   -617.748999    -1621900.0
       1.0      2.81       3.3     -617.7486   -1621898.95
       1.2      2.81       3.3   -617.748204   -1621897.91
       1.4      2.81       3.3   -617.747814   -1621896.89
 -3.33e-07      3.01       3.3   -617.749326   -1621900.86
       0.2      3.01       3.3   -617.749274   -1621900.72
       0.4      3.01       3.3   -617.749137   -1621900.36
       0.6      3.01       3.3   -617.748862   -1621899.64
       0.8      3.01       3.3    -617.74856   -1621898.84
       1.0      3.01       3.3   -617.748238    -1621898.0
       1.2      3.01       3.3     -617.7479   -1621897.11
       1.4      3.01       3.3   -617.747559   -1621896.22
 -3.33e-07      3.21       3.3   -617.748503   -1621898.69
       0.2      3.21       3.3   -617.748466    -1621898.6
       0.4      3.21       3.3    -617.74836   -1621898.32
       0.6      3.21       3.3   -617.748201    -1621897.9
       0.8      3.21       3.3   -617.748007   -1621897.39
       1.0      3.21       3.3   -617.747792   -1621896.83
       1.2      3.21       3.3   -617.747502   -1621896.07
       1.4      3.21       3.3    -617.74721    -1621895.3
 -3.33e-07      3.41       3.3    -617.74767   -1621896.51
       0.2      3.41       3.3   -617.747653   -1621896.46
       0.4      3.41       3.3   -617.747603   -1621896.33
       0.6      3.41       3.3    -617.74752   -1621896.11
       0.8      3.41       3.3   -617.747406   -1621895.81
       1.0      3.41       3.3   -617.747263   -1621895.44
       1.2      3.41       3.3   -617.747097    -1621895.0
